[big.JPG]
filters=sat=1,0.134503;
moddate=00007deb3cd20000
width=600
height=600
textactive=0
[tree.JPG]
filters=enhance=1;sat=1,0.161800;
moddate=000019ec3cd20000
width=600
height=600
textactive=0
