[beach1.JPG]
filters=enhance=1;finetune2=1,0.000000,0.182456,0.000000,00000000,0.000000;CrossProcess=1,69.590645;
moddate=0000db8803d20000
width=571
height=381
textactive=0
